0 -1 -1 6 -1 -1 -1 -1 -1 -1 0 0 0 0 0 0 0 0 0 0 0 0 0 0 0 0 0 0 0 0 0 0 0 0 0 0 0 0 0 0 0 0 0 0 0 0 0 0 0 0 0 0 0 0 0 0 0 0 0 0 0 0 0 0
0 0 0 0 0 0 0 0 0 0 0 0 0 0 0 0 0 0 0 0 0 0 0 0 0 0 0 0 0 0 0 0 0 0 0 0 0 0 0 0 0 0 0 0 0 0 0 0 0 0 0 0 0 0 0 0 0 0 0 0 0 0 0 0
a $ 8 3 1 $ $ 0 0 0 $ $ 0 0 0 $ $ 0 0 0 $ $ 0 0 0 $ $ 0 0 0 $ $ 0 0 0 $ $ 0 0 0 
b $ 8 4 1 $ $ 0 0 0 $ $ 0 0 0 $ $ 0 0 0 $ $ 0 0 0 $ $ 0 0 0 $ $ 0 0 0 $ $ 0 0 0 
c $ 8 5 1 $ $ 0 0 0 $ $ 0 0 0 $ $ 0 0 0 $ $ 0 0 0 $ $ 0 0 0 $ $ 0 0 0 $ $ 0 0 0 
$ $ 0 0 0 $ $ 0 0 0 $ $ 0 0 0 $ $ 0 0 0 $ $ 0 0 0 $ $ 0 0 0 $ $ 0 0 0 $ $ 0 0 0 
################################################################
hhhhhhhhh#######################################################
hello world what can isay#######################################
################################################################
################################################################
################################################################
################################################################
################################################################
################################################################
################################################################
################################################################
################################################################